   5.1000000e+01   1.4617920e+06
   5.2000000e+01   1.4608920e+06
   5.3000000e+01   1.4595500e+06
   5.4000000e+01   1.4584920e+06
   5.5000000e+01   1.4575500e+06
   5.6000000e+01   1.4567250e+06
   5.7000000e+01   1.4559700e+06
   5.8000000e+01   1.4550400e+06
   5.9000000e+01   1.4541750e+06
   6.0000000e+01   1.4534670e+06
   6.1000000e+01   1.4523100e+06
   6.2000000e+01   1.4515000e+06
   6.3000000e+01   1.4505100e+06
   6.4000000e+01   1.4492500e+06
   6.5000000e+01   1.4479670e+06
   6.6000000e+01   1.4472000e+06
   6.7000000e+01   1.4460000e+06
   6.8000000e+01   1.4445670e+06
   6.9000000e+01   1.4436570e+06
   7.0000000e+01   1.4425000e+06
   7.1000000e+01   1.4411880e+06
   7.2000000e+01   1.4401380e+06
   7.3000000e+01   1.4392000e+06
   7.4000000e+01   1.4381880e+06
   7.5000000e+01   1.4368750e+06
   7.6000000e+01   1.4359000e+06
   7.7000000e+01   1.4350430e+06
   7.8000000e+01   1.4340630e+06
   7.9000000e+01   1.4327000e+06
   8.0000000e+01   1.4315290e+06
   8.1000000e+01   1.4308430e+06
   8.2000000e+01   1.4296430e+06
   8.3000000e+01   1.4291000e+06
   8.4000000e+01   1.4282000e+06
   8.5000000e+01   1.4269000e+06
   8.6000000e+01   1.4257000e+06
   8.7000000e+01   1.4246000e+06
   8.8000000e+01   1.4235000e+06
   8.9000000e+01   1.4222500e+06
   9.0000000e+01   1.4208000e+06
   9.1000000e+01   1.4198000e+06
   9.2000000e+01   1.4189000e+06
   9.3000000e+01   1.4174800e+06
   9.4000000e+01   1.4164000e+06
   9.5000000e+01   1.4152500e+06
   9.6000000e+01   1.4135200e+06
   9.7000000e+01   1.4126500e+06
   9.8000000e+01   1.4113000e+06
   9.9000000e+01   1.4105200e+06
   1.0000000e+02   1.4092000e+06
   1.0100000e+02   1.4078200e+06
   1.0200000e+02   1.4068000e+06
   1.0300000e+02   1.4054200e+06
   1.0400000e+02   1.4042800e+06
   1.0500000e+02   1.4029000e+06
   1.0600000e+02   1.4015800e+06
   1.0700000e+02   1.4002750e+06
   1.0800000e+02   1.3990600e+06
   1.0900000e+02   1.3977400e+06
   1.1000000e+02   1.3963000e+06
   1.1100000e+02   1.3951750e+06
   1.1200000e+02   1.3940200e+06
   1.1300000e+02   1.3929250e+06
   1.1400000e+02   1.3914400e+06
   1.1500000e+02   1.3905250e+06
   1.1600000e+02   1.3889200e+06
   1.1700000e+02   1.3873750e+06
   1.1800000e+02   1.3865500e+06
   1.1900000e+02   1.3855000e+06
   1.2000000e+02   1.3841500e+06
   1.2100000e+02   1.3827400e+06
   1.2200000e+02   1.3812250e+06
   1.2300000e+02   1.3801750e+06
   1.2400000e+02   1.3789000e+06
   1.2500000e+02   1.3779250e+06
   1.2600000e+02   1.3763500e+06
   1.2700000e+02   1.3750000e+06
   1.2800000e+02   1.3737000e+06
   1.2900000e+02   1.3724500e+06
   1.3000000e+02   1.3711750e+06
   1.3100000e+02   1.3697500e+06
   1.3200000e+02   1.3681750e+06
   1.3300000e+02   1.3669000e+06
   1.3400000e+02   1.3653250e+06
   1.3500000e+02   1.3640500e+06
   1.3600000e+02   1.3629000e+06
   1.3700000e+02   1.3612750e+06
   1.3800000e+02   1.3596000e+06
   1.3900000e+02   1.3585750e+06
   1.4000000e+02   1.3572000e+06
   1.4100000e+02   1.3561000e+06
   1.4200000e+02   1.3547000e+06
   1.4300000e+02   1.3531750e+06
   1.4400000e+02   1.3515000e+06
   1.4500000e+02   1.3500250e+06
   1.4600000e+02   1.3487000e+06
   1.4700000e+02   1.3474000e+06
   1.4800000e+02   1.3456750e+06
   1.4900000e+02   1.3446000e+06
   1.5000000e+02   1.3430000e+06
   1.5100000e+02   1.3416000e+06
   1.5200000e+02   1.3405000e+06
   1.5300000e+02   1.3384000e+06
   1.5400000e+02   1.3374000e+06
   1.5500000e+02   1.3360000e+06
   1.5600000e+02   1.3346000e+06
   1.5700000e+02   1.3334000e+06
   1.5800000e+02   1.3318000e+06
   1.5900000e+02   1.3298000e+06
   1.6000000e+02   1.3281000e+06
   1.6100000e+02   1.3269000e+06
   1.6200000e+02   1.3256000e+06
   1.6300000e+02   1.3242000e+06
   1.6400000e+02   1.3230000e+06
   1.6500000e+02   1.3216000e+06
   1.6600000e+02   1.3200000e+06
   1.6700000e+02   1.3188000e+06
   1.6800000e+02   1.3171000e+06
   1.6900000e+02   1.3157000e+06
   1.7000000e+02   1.3143000e+06
   1.7100000e+02   1.3130500e+06
   1.7200000e+02   1.3120000e+06
   1.7300000e+02   1.3109000e+06
   1.7400000e+02   1.3088000e+06
   1.7500000e+02   1.3075000e+06
   1.7600000e+02   1.3057000e+06
   1.7700000e+02   1.3047000e+06
   1.7800000e+02   1.3031000e+06
   1.7900000e+02   1.3017000e+06
   1.8000000e+02   1.2996000e+06
   1.8100000e+02   1.2981000e+06
   1.8200000e+02   1.2964000e+06
   1.8300000e+02   1.2949000e+06
   1.8400000e+02   1.2930000e+06
   1.8500000e+02   1.2941000e+06
   1.8600000e+02   1.2922000e+06
   1.8700000e+02   1.2903000e+06
   1.8800000e+02   1.2885000e+06
   1.8900000e+02   1.2872000e+06
   1.9000000e+02   1.2854500e+06
   1.9100000e+02   1.2844000e+06
   1.9200000e+02   1.2826000e+06
   1.9300000e+02   1.2810000e+06
   1.9400000e+02   1.2789000e+06
   1.9500000e+02   1.2774000e+06
   1.9600000e+02   1.2758000e+06
   1.9700000e+02   1.2737000e+06
   1.9800000e+02   1.2720000e+06
   1.9900000e+02   1.2701000e+06
   2.0000000e+02   1.2685000e+06
   2.0100000e+02   1.2669000e+06
   2.0200000e+02   1.2653000e+06
   2.0300000e+02   1.2640000e+06
   2.0400000e+02   1.2622000e+06
   2.0500000e+02   1.2607000e+06
   2.0600000e+02   1.2586000e+06
   2.0700000e+02   1.2566000e+06
   2.0800000e+02   1.2540000e+06
   2.0900000e+02   1.2527000e+06
   2.1000000e+02   1.2510000e+06
   2.1100000e+02   1.2494000e+06
   2.1200000e+02   1.2477000e+06
   2.1300000e+02   1.2455000e+06
   2.1400000e+02   1.2437000e+06
   2.1500000e+02   1.2419000e+06
   2.1600000e+02   1.2399000e+06
   2.1700000e+02   1.2377000e+06
   2.1800000e+02   1.2357000e+06
   2.1900000e+02   1.2339000e+06
   2.2000000e+02   1.2322000e+06
   2.2100000e+02   1.2303000e+06
   2.2200000e+02   1.2285000e+06
   2.2300000e+02   1.2264000e+06
   2.2400000e+02   1.2243000e+06
   2.2500000e+02   1.2224000e+06
   2.2600000e+02   1.2206000e+06
   2.2700000e+02   1.2189000e+06
   2.2800000e+02   1.2166000e+06
   2.2900000e+02   1.2148000e+06
   2.3000000e+02   1.2128000e+06
   2.3100000e+02   1.2115000e+06
   2.3200000e+02   1.2099000e+06
   2.3300000e+02   1.2080000e+06
   2.3400000e+02   1.2057000e+06
   2.3500000e+02   1.2038000e+06
   2.3600000e+02   1.2017000e+06
   2.3700000e+02   1.1999000e+06
   2.3800000e+02   1.1982000e+06
   2.3900000e+02   1.1961000e+06
   2.4000000e+02   1.1946000e+06
   2.4100000e+02   1.1925000e+06
   2.4200000e+02   1.1901000e+06
   2.4300000e+02   1.1885000e+06
   2.4400000e+02   1.1864000e+06
   2.4500000e+02   1.1847000e+06
   2.4600000e+02   1.1823000e+06
   2.4700000e+02   1.1801000e+06
   2.4800000e+02   1.1782000e+06
   2.4900000e+02   1.1764000e+06
   2.5000000e+02   1.1744000e+06
   2.5100000e+02   1.1724000e+06
   2.5200000e+02   1.1700000e+06
   2.5300000e+02   1.1680000e+06
   2.5400000e+02   1.1660000e+06
   2.5500000e+02   1.1638000e+06
   2.5600000e+02   1.1617000e+06
   2.5700000e+02   1.1595000e+06
   2.5800000e+02   1.1578000e+06
   2.5900000e+02   1.1556000e+06
   2.6000000e+02   1.1536000e+06
   2.6100000e+02   1.1509750e+06
   2.6200000e+02   1.1485000e+06
   2.6300000e+02   1.1470000e+06
   2.6400000e+02   1.1446000e+06
   2.6500000e+02   1.1424000e+06
   2.6600000e+02   1.1400000e+06
   2.6700000e+02   1.1379000e+06
   2.6800000e+02   1.1357000e+06
   2.6900000e+02   1.1335000e+06
   2.7000000e+02   1.1314000e+06
   2.7100000e+02   1.1287000e+06
   2.7200000e+02   1.1264000e+06
   2.7300000e+02   1.1243000e+06
   2.7400000e+02   1.1219000e+06
   2.7500000e+02   1.1201000e+06
   2.7600000e+02   1.1173000e+06
   2.7700000e+02   1.1148000e+06
   2.7800000e+02   1.1128000e+06
   2.7900000e+02   1.1103000e+06
   2.8000000e+02   1.1086000e+06
   2.8100000e+02   1.1064000e+06
   2.8200000e+02   1.1041000e+06
   2.8300000e+02   1.1014000e+06
   2.8400000e+02   1.0990000e+06
   2.8500000e+02   1.0964000e+06
   2.8600000e+02   1.0945000e+06
   2.8700000e+02   1.0920000e+06
   2.8800000e+02   1.0890000e+06
   2.8900000e+02   1.0867000e+06
   2.9000000e+02   1.0843000e+06
   2.9100000e+02   1.0819000e+06
   2.9200000e+02   1.0794000e+06
   2.9300000e+02   1.0773000e+06
   2.9400000e+02   1.0744000e+06
   2.9500000e+02   1.0723000e+06
   2.9600000e+02   1.0695000e+06
   2.9700000e+02   1.0669000e+06
   2.9800000e+02   1.0649000e+06
   2.9900000e+02   1.0624000e+06
   3.0000000e+02   1.0595000e+06
   3.0100000e+02   1.0572000e+06
   3.0200000e+02   1.0545000e+06
   3.0300000e+02   1.0517000e+06
   3.0400000e+02   1.0496500e+06
   3.0500000e+02   1.0473000e+06
   3.0600000e+02   1.0450000e+06
   3.0700000e+02   1.0422000e+06
   3.0800000e+02   1.0400000e+06
   3.0900000e+02   1.0371000e+06
   3.1000000e+02   1.0343000e+06
   3.1100000e+02   1.0314000e+06
   3.1200000e+02   1.0290000e+06
   3.1300000e+02   1.0261000e+06
   3.1400000e+02   1.0234000e+06
   3.1500000e+02   1.0205000e+06
   3.1600000e+02   1.0175000e+06
   3.1700000e+02   1.0152000e+06
   3.1800000e+02   1.0120000e+06
   3.1900000e+02   1.0092000e+06
   3.2000000e+02   1.0061000e+06
   3.2100000e+02   1.0032000e+06
   3.2200000e+02   1.0003000e+06
   3.2300000e+02   9.9805000e+05
   3.2400000e+02   9.9580000e+05
   3.2500000e+02   9.9280000e+05
   3.2600000e+02   9.9000000e+05
   3.2700000e+02   9.8690000e+05
   3.2800000e+02   9.8380000e+05
   3.2900000e+02   9.8050000e+05
   3.3000000e+02   9.7750000e+05
   3.3100000e+02   9.7440000e+05
   3.3200000e+02   9.7110000e+05
   3.3300000e+02   9.6770000e+05
   3.3400000e+02   9.6440000e+05
   3.3500000e+02   9.6130000e+05
   3.3600000e+02   9.5850000e+05
   3.3700000e+02   9.5560000e+05
   3.3800000e+02   9.5260000e+05
   3.3900000e+02   9.4950000e+05
   3.4000000e+02   9.4600000e+05
   3.4100000e+02   9.4250000e+05
   3.4200000e+02   9.3910000e+05
   3.4300000e+02   9.3590000e+05
   3.4400000e+02   9.3200000e+05
   3.4500000e+02   9.2850000e+05
   3.4600000e+02   9.2520000e+05
   3.4700000e+02   9.2150000e+05
   3.4800000e+02   9.1790000e+05
   3.4900000e+02   9.1440000e+05
   3.5000000e+02   9.1050000e+05
   3.5100000e+02   9.0710000e+05
   3.5200000e+02   9.0360000e+05
   3.5300000e+02   8.9990000e+05
   3.5400000e+02   8.9620000e+05
   3.5500000e+02   8.9220000e+05
   3.5600000e+02   8.8900000e+05
   3.5700000e+02   8.8580000e+05
   3.5800000e+02   8.8135000e+05
   3.5900000e+02   8.7745000e+05
   3.6000000e+02   8.7450000e+05
   3.6100000e+02   8.7010000e+05
   3.6200000e+02   8.6610000e+05
   3.6300000e+02   8.6220000e+05
   3.6400000e+02   8.5800000e+05
   3.6500000e+02   8.5350000e+05
   3.6600000e+02   8.4940000e+05
   3.6700000e+02   8.4510000e+05
   3.6800000e+02   8.4100000e+05
   3.6900000e+02   8.3690000e+05
   3.7000000e+02   8.3250000e+05
   3.7100000e+02   8.2885000e+05
   3.7200000e+02   8.2510000e+05
   3.7300000e+02   8.2060000e+05
   3.7400000e+02   8.1600000e+05
   3.7500000e+02   8.1170000e+05
   3.7600000e+02   8.0670000e+05
   3.7700000e+02   8.0270000e+05
   3.7800000e+02   7.9950000e+05
   3.7900000e+02   7.9480000e+05
   3.8000000e+02   7.9000000e+05
   3.8100000e+02   7.8480000e+05
   3.8200000e+02   7.8040000e+05
   3.8300000e+02   7.7550000e+05
   3.8400000e+02   7.7030000e+05
   3.8500000e+02   7.6500000e+05
   3.8600000e+02   7.5960000e+05
   3.8700000e+02   7.5480000e+05
   3.8800000e+02   7.4950000e+05
   3.8900000e+02   7.4410000e+05
   3.9000000e+02   7.3870000e+05
   3.9100000e+02   7.3330000e+05
   3.9200000e+02   7.2790000e+05
   3.9300000e+02   7.2220000e+05
   3.9400000e+02   7.1770000e+05
   3.9500000e+02   7.1320000e+05
   3.9600000e+02   7.0720000e+05
   3.9700000e+02   7.0150000e+05
   3.9800000e+02   6.9560000e+05
   3.9900000e+02   6.8970000e+05
   4.0000000e+02   6.8380000e+05
   4.0100000e+02   6.7790000e+05
   4.0200000e+02   6.7190000e+05
   4.0300000e+02   6.6590000e+05
   4.0400000e+02   6.5980000e+05
   4.0500000e+02   6.5350000e+05
   4.0600000e+02   6.4760000e+05
   4.0700000e+02   6.4130000e+05
   4.0800000e+02   6.3580000e+05
   4.0900000e+02   6.3100000e+05
   4.1000000e+02   6.2440000e+05
   4.1100000e+02   6.1800000e+05
   4.1200000e+02   6.1200000e+05
   4.1300000e+02   6.0550000e+05
   4.1400000e+02   5.9890000e+05
   4.1500000e+02   5.9260000e+05
   4.1600000e+02   5.8610000e+05
   4.1700000e+02   5.7990000e+05
   4.1800000e+02   5.7320000e+05
   4.1900000e+02   5.6700000e+05
   4.2000000e+02   5.6040000e+05
   4.2100000e+02   5.5370000e+05
   4.2200000e+02   5.4850000e+05
   4.2300000e+02   5.4270000e+05
   4.2400000e+02   5.3640000e+05
   4.2500000e+02   5.3020000e+05
   4.2600000e+02   5.2380000e+05
   4.2700000e+02   5.1730000e+05
   4.2800000e+02   5.1080000e+05
   4.2900000e+02   5.0460000e+05
   4.3000000e+02   4.9810000e+05
   4.3100000e+02   4.9170000e+05
   4.3200000e+02   4.8550000e+05
   4.3300000e+02   4.7930000e+05
   4.3400000e+02   4.7300000e+05
   4.3500000e+02   4.6720000e+05
   4.3600000e+02   4.6110000e+05
   4.3700000e+02   4.5480000e+05
   4.3800000e+02   4.4980000e+05
   4.3900000e+02   4.4490000e+05
   4.4000000e+02   4.3900000e+05
   4.4100000e+02   4.3320000e+05
   4.4200000e+02   4.2750000e+05
   4.4300000e+02   4.2190000e+05
   4.4400000e+02   4.1620000e+05
   4.4500000e+02   4.1020000e+05
   4.4600000e+02   4.0450000e+05
   4.4700000e+02   3.9900000e+05
   4.4800000e+02   3.9310000e+05
   4.4900000e+02   3.8790000e+05
   4.5000000e+02   3.8240000e+05
   4.5100000e+02   3.7690000e+05
   4.5200000e+02   3.7170000e+05
   4.5300000e+02   3.6600000e+05
   4.5400000e+02   3.6070000e+05
   4.5500000e+02   3.5540000e+05
   4.5600000e+02   3.5040000e+05
   4.5700000e+02   3.4500000e+05
   4.5800000e+02   3.3950000e+05
   4.5900000e+02   3.3550000e+05
   4.6000000e+02   3.3120000e+05
   4.6100000e+02   3.2590000e+05
   4.6200000e+02   3.2100000e+05
   4.6300000e+02   3.1690000e+05
   4.6400000e+02   3.1290000e+05
   4.6500000e+02   3.0800000e+05
   4.6600000e+02   3.0280000e+05
   4.6700000e+02   2.9750000e+05
   4.6800000e+02   2.9260000e+05
   4.6900000e+02   2.8770000e+05
   4.7000000e+02   2.8270000e+05
   4.7100000e+02   2.7780000e+05
   4.7200000e+02   2.7260000e+05
   4.7300000e+02   2.6740000e+05
   4.7400000e+02   2.6260000e+05
   4.7500000e+02   2.5800000e+05
   4.7600000e+02   2.5330000e+05
   4.7700000e+02   2.4955000e+05
   4.7800000e+02   2.4530000e+05
   4.7900000e+02   2.4060000e+05
   4.8000000e+02   2.3560000e+05
   4.8100000e+02   2.3050000e+05
   4.8200000e+02   2.2570000e+05
   4.8300000e+02   2.2130000e+05
   4.8400000e+02   2.1630000e+05
   4.8500000e+02   2.1180000e+05
   4.8600000e+02   2.0690000e+05
   4.8700000e+02   2.0260000e+05
   4.8800000e+02   1.9770000e+05
   4.8900000e+02   1.9350000e+05
   4.9000000e+02   1.8890000e+05
   4.9100000e+02   1.8390000e+05
   4.9200000e+02   1.7910000e+05
   4.9300000e+02   1.7470000e+05
   4.9400000e+02   1.7010000e+05
   4.9500000e+02   1.6560000e+05
   4.9600000e+02   1.6110000e+05
   4.9700000e+02   1.5660000e+05
   4.9800000e+02   1.5280000e+05
   4.9900000e+02   1.4845000e+05
   5.0000000e+02   1.4425000e+05
   5.0100000e+02   1.4060000e+05
   5.0200000e+02   1.3660000e+05
   5.0300000e+02   1.3230000e+05
   5.0400000e+02   1.2840000e+05
   5.0500000e+02   1.2440000e+05
   5.0600000e+02   1.2050000e+05
   5.0700000e+02   1.1650000e+05
   5.0800000e+02   1.1260000e+05
   5.0900000e+02   1.0850000e+05
   5.1000000e+02   1.0460000e+05
   5.1100000e+02   1.0120000e+05
   5.1200000e+02   9.7300000e+04
   5.1300000e+02   9.3900000e+04
   5.1400000e+02   9.0200000e+04
   5.1500000e+02   8.7100000e+04
   5.1600000e+02   8.3300000e+04
   5.1700000e+02   8.0500000e+04
   5.1800000e+02   7.7400000e+04
   5.1900000e+02   7.4500000e+04
   5.2000000e+02   7.1350000e+04
   5.2100000e+02   6.8400000e+04
   5.2200000e+02   6.5400000e+04
   5.2300000e+02   6.2400000e+04
   5.2400000e+02   6.0100000e+04
   5.2500000e+02   5.7600000e+04
   5.2600000e+02   5.5200000e+04
   5.2700000e+02   5.3100000e+04
   5.2800000e+02   5.0400000e+04
   5.2900000e+02   4.8300000e+04
   5.3000000e+02   4.6400000e+04
   5.3100000e+02   4.4300000e+04
   5.3200000e+02   4.2100000e+04
   5.3300000e+02   4.0300000e+04
   5.3400000e+02   3.8600000e+04
   5.3500000e+02   3.6800000e+04
   5.3600000e+02   3.5200000e+04
   5.3700000e+02   3.3400000e+04
   5.3800000e+02   3.1800000e+04
   5.3900000e+02   3.0200000e+04
   5.4000000e+02   2.8600000e+04
   5.4100000e+02   2.7400000e+04
   5.4200000e+02   2.6100000e+04
   5.4300000e+02   2.4400000e+04
   5.4400000e+02   2.3300000e+04
   5.4500000e+02   2.2200000e+04
   5.4600000e+02   2.1300000e+04
   5.4700000e+02   2.0100000e+04
   5.4800000e+02   1.9600000e+04
   5.4900000e+02   1.8300000e+04
   5.5000000e+02   1.7200000e+04
   5.5100000e+02   1.6400000e+04
   5.5200000e+02   1.5400000e+04
   5.5300000e+02   1.5000000e+04
   5.5400000e+02   1.4300000e+04
   5.5500000e+02   1.3500000e+04
   5.5600000e+02   1.3500000e+04
   5.5700000e+02   1.2600000e+04
   5.5800000e+02   1.1950000e+04
   5.5900000e+02   1.1125000e+04
   5.6000000e+02   1.0900000e+04
   5.6100000e+02   1.0700000e+04
   5.6200000e+02   1.0500000e+04
   5.6300000e+02   9.8000000e+03
   5.6400000e+02   9.1000000e+03
   5.6500000e+02   8.5000000e+03
   5.6600000e+02   8.2000000e+03
   5.6700000e+02   8.3000000e+03
   5.6800000e+02   7.9000000e+03
   5.6900000e+02   7.4000000e+03
   5.7000000e+02   7.4000000e+03
   5.7100000e+02   7.4000000e+03
   5.7200000e+02   6.8000000e+03
   5.7300000e+02   6.8000000e+03
   5.7400000e+02   6.1000000e+03
   5.7500000e+02   5.9000000e+03
   5.7600000e+02   5.8000000e+03
   5.7700000e+02   5.8000000e+03
   5.7800000e+02   5.8750000e+03
   5.7900000e+02   5.8000000e+03
   5.8000000e+02   5.7000000e+03
   5.8100000e+02   5.6500000e+03
   5.8200000e+02   5.5000000e+03
   5.8300000e+02   5.4000000e+03
   5.8400000e+02   5.2000000e+03
   5.8500000e+02   5.3000000e+03
   5.8600000e+02   5.4000000e+03
   5.8700000e+02   5.5000000e+03
   5.8800000e+02   5.2000000e+03
   5.8900000e+02   5.2000000e+03
   5.9000000e+02   5.2000000e+03
   5.9100000e+02   5.2000000e+03
   5.9200000e+02   5.2000000e+03
   5.9300000e+02   4.7000000e+03
   5.9400000e+02   4.6000000e+03
   5.9500000e+02   4.9000000e+03
   5.9600000e+02   4.9000000e+03
   5.9700000e+02   4.9000000e+03
   5.9800000e+02   4.9000000e+03
   5.9900000e+02   4.9000000e+03
   6.0000000e+02   4.7000000e+03
   6.0100000e+02   5.6500000e+03
   6.0200000e+02   5.8000000e+03
   6.0300000e+02   5.8000000e+03
   6.0400000e+02   5.5000000e+03
   6.0500000e+02   5.5000000e+03
   6.0600000e+02   5.3000000e+03
   6.0700000e+02   5.4000000e+03
   6.0800000e+02   5.3000000e+03
   6.0900000e+02   5.5000000e+03
   6.1000000e+02   4.9000000e+03
   6.1100000e+02   4.6000000e+03
   6.1200000e+02   4.9000000e+03
   6.1300000e+02   4.8000000e+03
   6.1400000e+02   4.6000000e+03
   6.1500000e+02   4.9000000e+03
   6.1600000e+02   4.8000000e+03
   6.1700000e+02   4.0000000e+03
   6.1800000e+02   3.6000000e+03
   6.1900000e+02   3.7000000e+03
   6.2000000e+02   3.7000000e+03
   6.2100000e+02   3.9000000e+03
   6.2200000e+02   4.3000000e+03
   6.2300000e+02   3.9000000e+03
   6.2400000e+02   4.0000000e+03
   6.2500000e+02   4.0000000e+03
   6.2600000e+02   3.7000000e+03
   6.2700000e+02   4.1000000e+03
   6.2800000e+02   3.8000000e+03
   6.2900000e+02   4.5000000e+03
   6.3000000e+02   4.3000000e+03
   6.3100000e+02   4.2000000e+03
   6.3200000e+02   4.2000000e+03
   6.3300000e+02   4.2000000e+03
   6.3400000e+02   4.5000000e+03
   6.3500000e+02   4.3000000e+03
   6.3600000e+02   4.3000000e+03
   6.3700000e+02   3.7000000e+03
   6.3800000e+02   3.7000000e+03
   6.3900000e+02   3.9000000e+03
   6.4000000e+02   3.6000000e+03
   6.4100000e+02   3.8000000e+03
   6.4200000e+02   3.9000000e+03
   6.4300000e+02   4.1500000e+03
   6.4400000e+02   4.4000000e+03
   6.4500000e+02   4.5000000e+03
   6.4600000e+02   4.2000000e+03
   6.4700000e+02   4.0000000e+03
   6.4800000e+02   3.7000000e+03
   6.4900000e+02   3.5000000e+03
   6.5000000e+02   3.7000000e+03
   6.5100000e+02   3.9000000e+03
   6.5200000e+02   3.9000000e+03
   6.5300000e+02   4.3000000e+03
   6.5400000e+02   4.9000000e+03
   6.5500000e+02   4.6000000e+03
   6.5600000e+02   4.3000000e+03
   6.5700000e+02   4.4000000e+03
   6.5800000e+02   4.5000000e+03
   6.5900000e+02   4.9000000e+03
   6.6000000e+02   4.7000000e+03
   6.6100000e+02   4.8000000e+03
   6.6200000e+02   5.1000000e+03
   6.6300000e+02   4.7500000e+03
   6.6400000e+02   4.6000000e+03
   6.6500000e+02   4.1000000e+03
   6.6600000e+02   3.6000000e+03
   6.6700000e+02   3.8500000e+03
   6.6800000e+02   4.0000000e+03
   6.6900000e+02   4.3000000e+03
   6.7000000e+02   4.6000000e+03
   6.7100000e+02   4.4500000e+03
   6.7200000e+02   4.8000000e+03
   6.7300000e+02   4.8000000e+03
   6.7400000e+02   4.7500000e+03
   6.7500000e+02   5.3000000e+03
   6.7600000e+02   5.2000000e+03
   6.7700000e+02   5.2000000e+03
   6.7800000e+02   5.0000000e+03
   6.7900000e+02   5.0000000e+03
   6.8000000e+02   4.6000000e+03
   6.8100000e+02   4.4000000e+03
   6.8200000e+02   4.3000000e+03
   6.8300000e+02   4.4000000e+03
   6.8400000e+02   4.2000000e+03
   6.8500000e+02   4.1500000e+03
   6.8600000e+02   4.1000000e+03
   6.8700000e+02   4.5000000e+03
   6.8800000e+02   4.5000000e+03
   6.8900000e+02   4.6000000e+03
   6.9000000e+02   4.2000000e+03
   6.9100000e+02   3.9000000e+03
   6.9200000e+02   4.6000000e+03
   6.9300000e+02   4.6000000e+03
   6.9400000e+02   4.4000000e+03
   6.9500000e+02   4.0000000e+03
   6.9600000e+02   3.7000000e+03
   6.9700000e+02   3.9000000e+03
   6.9800000e+02   3.5200000e+03
   6.9900000e+02   2.9200000e+03
   7.0000000e+02   5.6700000e+02
